0.3102493,0.21181291,0.23271449,0.1537663,0.17985998,0.3200947,0.34100482,0.1584976,0.26109028,0.19838378,0.14470801,0.17677295,0.18826833,0.2725291,0.37379754,0.3970854,0.19614968,0.28626013,0.29957318,0.29044366,0.3803286,0.383478,0.31985176,0.3479556,0.16642497,0.33062053,0.33215377,0.3962975,0.31206763,0.33697727,0.22133897,0.339594,0.24519722,0.27462548,0.24437046,0.27173007,0.22466382,0.2767168,0.1900465,0.37140056,0.23259427,0.11574169,0.24545854,0.24242978,0.20867592,0.21356718,0.18815467,0.26456645,0.18754397,0.20406851,0.30432,0.29230225,0.26416987,0.2342652,0.29110777,0.1395814,0.244342,0.33910173,0.34064838,0.17777014,0.098075666,0.19119123,0.1741242,0.15386996,0.15884821,0.14352314,0.17823024,0.16449356,0.21240354,0.2052962,0.13219456,0.119832434,0.20034373,0.16921033,0.107968785,0.13270126,0.25231692,0.11639114,0.2694929,0.34100193,0.23024042,0.1253056,0.18907116,0.31062976,0.28179744,0.20813408,0.2052792,0.21597624,0.26433337,0.26764748,0.28613573,0.21069592,0.21503276,0.19880746,0.2345325,0.16133916,0.1994899,0.35277024,0.22620976,0.30966157,0.27654254,0.24566548,0.2079993,0.14907436,0.1787575,0.12076208,0.21988003,0.24768801,0.13105667,0.30526492,0.18714179,0.18716091,0.25420576,0.23563874,0.19554377,0.19488974,0.14838533,0.24517158,0.18871447,0.21177576,0.14213313,0.24017742,0.27459672,0.26541197,0.24317117,0.17069225,0.19700763,0.19221115,0.22100963,0.16050346,0.13395596,0.16508184,0.13512757,0.12756151,0.18074149,0.17375398,0.19383772,0.13881285,0.2066587,0.14101918,0.13138059,0.13396333,0.21217859,0.26647422,0.21921983,0.20109147,0.1514616,0.18594478,0.18109694,0.09420453,0.17899269,0.13747485,0.13709083,0.13959004,0.17269726,0.12486648,0.118965805,0.19447893,0.18397622,0.24139093
0.20575596,0.091661245,0.14257117,0.11653342,0.10904249,0.10426078,0.09624157,0.057124127,0.13270073,0.16094021,0.08062426,0.08692039,0.06685525,0.0995775,0.10801127,0.18513314,0.1011544,0.09165389,0.14965713,0.12983347,0.17421699,0.19967638,0.14405426,0.23133837,0.18117233,0.19223899,0.16531058,0.19127531,0.17186493,0.16238746,0.10487047,0.19968808,0.077608086,0.089411005,0.13956508,0.12919712,0.14255449,0.16894361,0.12951513,0.18872009,0.1338437,0.14459805,0.17619132,0.18185231,0.18955341,0.16605584,0.15662172,0.18183091,0.19293115,0.10047472,0.15034817,0.15815055,0.09636343,0.08493923,0.1862054,0.0956127,0.18396485,0.15180406,0.10085199,0.1289232,0.081901714,0.16908169,0.07774649,0.13036852,0.06929201,0.09153318,0.11330501,0.13961512,0.13402438,0.16480587,0.110235736,0.10418255,0.113342576,0.108603746,0.07502805,0.07297489,0.16680716,0.105882555,0.16060545,0.17453527,0.13882156,0.13166395,0.10086081,0.14640144,0.14954536,0.12896179,0.092008896,0.13163477,0.095318004,0.101189576,0.1339844,0.10245098,0.1159203,0.15410975,0.1901815,0.12986273,0.14678644,0.17105663,0.12152282,0.16110674,0.074261524,0.08286704,0.08476312,0.14877549,0.13747928,0.064313084,0.1304771,0.09399828,0.0818325,0.17178446,0.080438204,0.104124695,0.108236976,0.11191834,0.08263917,0.087752104,0.088203356,0.09154092,0.093792014,0.15370722,0.0898161,0.13738093,0.15931879,0.10134786,0.12243646,0.088609554,0.09431039,0.07597098,0.08133586,0.088564284,0.10501616,0.09852048,0.078239426,0.080883235,0.07546945,0.095289126,0.12267756,0.08245406,0.07916979,0.12199552,0.11483723,0.06060322,0.101016246,0.16302466,0.11291235,0.08923735,0.08776478,0.090003066,0.07556691,0.072138704,0.07604181,0.06605998,0.08069395,0.07858469,0.07547566,0.084590055,0.10706915,0.08533441,0.12025774,0.15053095
0.11078122,0.18720652,0.038726512,0.02791249,0.15194727,0.5153846,0.47962165,0.21122709,0.14667094,0.11507121,0.13698435,0.079021536,0.062013812,0.08243708,0.20058922,0.17846672,0.28420278,0.3808378,0.48103684,0.55971074,0.35826147,0.6292383,0.39223006,0.118211925,0.110711046,0.04670226,0.066660374,0.09697929,0.11937779,0.12768282,0.102631554,0.08113306,0.064110376,0.11092651,0.08932999,0.091405556,0.09844194,0.1470862,0.10931253,0.15521996,0.14742385,0.123266414,0.16564542,0.089025326,0.12737624,0.110677734,0.13457578,0.098158136,0.127011,0.09014124,0.13510713,0.08863905,0.057752784,0.07236211,0.14106809,0.14360237,0.117398106,0.10143265,0.09639686,0.055926755,0.061037384,0.052212264,0.05082829,0.08205163,0.094987065,0.08093602,0.072022475,0.09169805,0.21041183,0.15841445,0.15750805,0.101910956,0.09417862,0.082776465,0.081261024,0.08611617,0.18722107,0.10063114,0.14496076,0.09871845,0.06951544,0.0784387,0.09400032,0.060907315,0.10859948,0.085894644,0.0739105,0.10302963,0.1493172,0.12980512,0.12566055,0.099119045,0.09342289,0.08102998,0.08267907,0.103033185,0.143316,0.07336227,0.10612761,0.077540904,0.10084462,0.05688176,0.07055987,0.063760996,0.07500163,0.07822172,0.06366278,0.08658195,0.061289754,0.19631511,0.088567324,0.07206449,0.17224416,0.122552924,0.06980367,0.09081707,0.12133162,0.14303093,0.0953322,0.11940284,0.09905275,0.10326552,0.07115519,0.121857695,0.08889336,0.088994116,0.051379874,0.08866299,0.059125807,0.08067124,0.09242811,0.09163027,0.08756348,0.052556414,0.08825725,0.14429069,0.17249107,0.12530465,0.13274392,0.07504745,0.07904414,0.12576692,0.06616272,0.066267826,0.13060017,0.107581414,0.088380925,0.036761455,0.06515505,0.059651382,0.057998512,0.06394009,0.064495206,0.08239728,0.0771787,0.08290051,0.14205803,0.07818517,0.06565274,0.0663362
0.081255496,0.065063044,0.122981064,0.08439768,0.08746,0.1070285,0.120391876,0.07375114,0.10438187,0.05121999,0.061576914,0.07502641,0.08588862,0.06400561,0.072513215,0.2245228,0.092061505,0.07267822,0.092995554,0.1139253,0.10701834,0.18438685,0.10735278,0.07817073,0.1307136,0.070670746,0.059496854,0.06719464,0.07018772,0.053526834,0.05605724,0.069876306,0.08055402,0.055428855,0.04592273,0.08479343,0.06563713,0.07453136,0.06930683,0.09353171,0.09725543,0.16124225,0.10399999,0.09165959,0.12104285,0.10751977,0.09986784,0.08503578,0.12755556,0.073539175,0.0747651,0.05394241,0.05258404,0.043663796,0.07109494,0.06250944,0.065213606,0.058192737,0.084082276,0.052270308,0.040207576,0.057774,0.06327704,0.050702278,0.06135363,0.04193003,0.054971963,0.07327051,0.09538422,0.069206044,0.06820913,0.056369305,0.056222007,0.05659001,0.052677985,0.04784238,0.059700735,0.12225759,0.079948425,0.06753471,0.043510232,0.07722636,0.0799371,0.11774611,0.18788637,0.10344501,0.10014691,0.16965567,0.10434633,0.0740313,0.118843175,0.11597184,0.09504957,0.07025548,0.09214795,0.06985061,0.07085971,0.071208246,0.06374282,0.062062755,0.12237544,0.08786894,0.053410627,0.037593905,0.16442855,0.05977719,0.1025399,0.13979022,0.107074484,0.17761946,0.10741829,0.063993976,0.078873396,0.083362155,0.053906903,0.06526564,0.10782472,0.106630154,0.077558964,0.06278057,0.06564605,0.06190982,0.057954386,0.07063197,0.05567189,0.057494298,0.08623458,0.1292648,0.054739617,0.057600748,0.085455514,0.08223883,0.09134846,0.05618379,0.07304187,0.05855179,0.124348454,0.14807206,0.14854614,0.0724244,0.05612209,0.05235661,0.05016084,0.059189778,0.09431859,0.07857114,0.08359648,0.08580285,0.087133676,0.0737429,0.11419354,0.11509469,0.08243779,0.080821544,0.08946368,0.0454004,0.05626967,0.04069793,0.04540868,0.06058749
0.08469636,0.02541829,0.053976376,0.058553662,0.07860974,0.08506799,0.08243665,0.077976376,0.11068903,0.078030065,0.096057504,0.083323754,0.06473598,0.05657822,0.04979758,0.06926544,0.08310172,0.05241748,0.05726297,0.05686192,0.04591628,0.056836415,0.086470984,0.09070384,0.099367075,0.0819319,0.049940825,0.0719988,0.05264899,0.05813534,0.057093907,0.077840686,0.048794616,0.063417405,0.057753686,0.058341254,0.06995743,0.05303936,0.06940994,0.08671649,0.06194303,0.111764774,0.074720435,0.06956834,0.04946911,0.073312886,0.047427192,0.08786167,0.07027107,0.06970819,0.058441408,0.04511494,0.05570608,0.07026164,0.08228324,0.07439225,0.062851414,0.066761754,0.040300515,0.059062894,0.05682487,0.071124665,0.034297585,0.05513889,0.05578562,0.060723916,0.06884094,0.055843044,0.06711107,0.061095793,0.05792271,0.068794675,0.076520875,0.054615393,0.044816975,0.051283628,0.06509148,0.07353274,0.074837826,0.07536508,0.047491614,0.04896578,0.062738456,0.07293322,0.05844888,0.069006234,0.08280383,0.046921276,0.062727995,0.0495455,0.044085495,0.08530977,0.060208656,0.064201996,0.05525864,0.054890666,0.05980398,0.08481711,0.0678742,0.06934193,0.036444105,0.05362904,0.062130466,0.06322561,0.09314167,0.06275969,0.068486005,0.034520365,0.04948419,0.06300166,0.061878543,0.054801084,0.06459656,0.049517523,0.04549757,0.059332035,0.068150364,0.08034544,0.05457614,0.05129759,0.06067729,0.06538244,0.06523848,0.03492848,0.049164988,0.057843316,0.068577215,0.0420728,0.056363773,0.059549782,0.05172029,0.03941077,0.053258,0.05509017,0.059177116,0.04938501,0.057817545,0.04141015,0.03839621,0.051146597,0.055567347,0.07878897,0.06537478,0.06974082,0.043320663,0.04698485,0.05302828,0.06996476,0.051783018,0.059210714,0.0656399,0.036362693,0.05716525,0.055988356,0.06433852,0.05732968,0.054661073,0.071742356,0.054852836,0.06718399
0.10008813,0.06965254,0.09602044,0.09196426,0.10042336,0.095441446,0.18863676,0.09383469,0.10627838,0.107267655,0.09759789,0.10782285,0.09560769,0.083539866,0.08187625,0.08186873,0.11057962,0.08199701,0.07897277,0.12958016,0.061041247,0.078554064,0.084093966,0.084119625,0.10888061,0.07976222,0.07260442,0.080044106,0.07036952,0.06833989,0.08540525,0.079117104,0.061238144,0.061391927,0.08983968,0.073893994,0.10234484,0.07195829,0.091697186,0.08023023,0.06792613,0.11170107,0.07280662,0.064634696,0.07263981,0.07674421,0.077707954,0.08840327,0.090519086,0.08655573,0.070872284,0.07454861,0.09617399,0.09457176,0.073891506,0.09743615,0.07772624,0.07511372,0.082602106,0.09072763,0.06791322,0.09048038,0.06306537,0.060443692,0.08144963,0.086335786,0.07935485,0.078450136,0.11940031,0.09006392,0.09658672,0.10995473,0.08485485,0.076672964,0.07692129,0.08220462,0.0636955,0.08675069,0.079207756,0.081538424,0.07451227,0.09537009,0.075209565,0.09230156,0.08635231,0.08772051,0.09292137,0.079246856,0.06976124,0.08296878,0.07381789,0.0967249,0.06762561,0.072885886,0.10622672,0.082912706,0.0631489,0.067435585,0.07549414,0.08033229,0.089205205,0.091394655,0.100790545,0.08989162,0.09736856,0.0826693,0.088970006,0.050801333,0.08384901,0.09188018,0.07109378,0.072890185,0.08226822,0.083679095,0.08157295,0.07598864,0.10387637,0.091544576,0.08055954,0.04980331,0.07171608,0.076081805,0.07783201,0.063733906,0.0793038,0.0868548,0.084671274,0.07859845,0.07310914,0.10711377,0.080144435,0.075954646,0.08939189,0.087152995,0.07176743,0.07257316,0.07477178,0.07866498,0.075131945,0.093563,0.06223022,0.08504173,0.069745235,0.074370466,0.06266045,0.067027,0.0876773,0.08950321,0.06864785,0.09691482,0.08193944,0.079511054,0.089815386,0.0769617,0.0733089,0.09028693,0.061783973,0.081061415,0.07077394,0.07889658
0.10058137,0.037549455,0.04256077,0.051329788,0.08448555,0.09072997,0.095025696,0.0679299,0.10080438,0.071210615,0.07327223,0.08257681,0.073959306,0.07318945,0.056590047,0.05350111,0.084150895,0.06316118,0.05702791,0.06373255,0.03921276,0.07099887,0.07214348,0.09698165,0.10551033,0.08310905,0.05563125,0.0784711,0.048296317,0.057880487,0.07152252,0.089102626,0.051204458,0.06493653,0.068319455,0.055830657,0.075191975,0.05797465,0.05608933,0.085999645,0.055227693,0.11518614,0.07016838,0.075758345,0.05080337,0.072088934,0.06323963,0.09655772,0.07240683,0.07941376,0.072049454,0.045150895,0.069404565,0.06977242,0.08306516,0.08619438,0.06494783,0.06934827,0.043885715,0.058537733,0.04932841,0.085352905,0.0306986,0.04983289,0.062822066,0.07085424,0.08079858,0.062320933,0.06829115,0.062298894,0.06982494,0.07134024,0.08227354,0.061788585,0.048791792,0.06261011,0.06824983,0.08477799,0.096980564,0.082731,0.05327724,0.05604318,0.0631141,0.09560311,0.06669651,0.07405071,0.09814913,0.05395744,0.07186502,0.05832654,0.045787644,0.080292985,0.079417065,0.0675353,0.067085065,0.06743154,0.06892982,0.09439183,0.07610581,0.07810164,0.045544725,0.06166669,0.070934385,0.07180322,0.10236329,0.06964794,0.08938419,0.042027783,0.05615447,0.081419185,0.07075001,0.06708203,0.071161225,0.05959273,0.053124245,0.077214815,0.074033394,0.08324542,0.06499396,0.061724905,0.0715457,0.05469751,0.07645333,0.04879961,0.05287166,0.05525609,0.080459125,0.052717123,0.062575765,0.07169465,0.053762257,0.04436769,0.061635986,0.055319987,0.06393875,0.06050236,0.06646137,0.048370898,0.040386077,0.0604411,0.06859459,0.08778965,0.07560459,0.08017856,0.044132352,0.04815645,0.06553988,0.083759084,0.06261118,0.061742608,0.07362489,0.046904318,0.06692388,0.054038513,0.07410114,0.065825365,0.06782209,0.08919533,0.07154258,0.07829672
0.10069589,0.054076333,0.066283524,0.057993244,0.09914586,0.10527963,0.10323539,0.07547183,0.10842655,0.07712039,0.082138814,0.09827492,0.070363246,0.08455876,0.06923957,0.0693207,0.09049963,0.07642188,0.08643387,0.07774732,0.054082148,0.08638691,0.075384274,0.099630795,0.11968202,0.09907376,0.052290164,0.08751482,0.06590722,0.074916534,0.06738441,0.09582731,0.054175537,0.07532312,0.08906074,0.07530521,0.09032971,0.07953651,0.065653734,0.10972952,0.07269163,0.124360666,0.0725921,0.08457378,0.06004656,0.085624576,0.058923863,0.09995584,0.07188066,0.0695222,0.0698556,0.069501825,0.09054685,0.07771875,0.092068985,0.0969064,0.061879,0.08259804,0.05001789,0.07435796,0.0555365,0.093523696,0.033642285,0.06307215,0.08244485,0.07209625,0.081014894,0.07229053,0.06720937,0.051453963,0.0797962,0.0741717,0.093240514,0.07594154,0.056423463,0.06895364,0.06920279,0.08639351,0.06949218,0.08723384,0.07041064,0.060135618,0.056979626,0.08560501,0.042331636,0.069069505,0.08891079,0.048238683,0.07815546,0.062154725,0.057837546,0.07974859,0.072352454,0.08110083,0.06433548,0.06646718,0.061241467,0.10171241,0.06914117,0.084542714,0.03748916,0.063889176,0.08130529,0.059858654,0.10544623,0.06399095,0.0931878,0.03952174,0.05132835,0.07549479,0.07353781,0.057722885,0.07034707,0.07426745,0.054869406,0.075844534,0.06987384,0.089607045,0.061383337,0.053359,0.07306598,0.051635,0.076998346,0.042243097,0.06768653,0.05878588,0.08226591,0.045364916,0.0658325,0.07443858,0.06330503,0.0577569,0.07475846,0.063142136,0.06746198,0.053783678,0.081229135,0.05704038,0.055933863,0.057538666,0.055169158,0.082012035,0.0628264,0.080401644,0.05229388,0.06095331,0.066902325,0.0806517,0.0823209,0.07822194,0.089173585,0.04951345,0.06949327,0.067733385,0.07567262,0.062075943,0.056263868,0.08101022,0.05051894,0.081032135
0.15564872,0.12828612,0.046735603,0.022759939,0.056239426,0.337018,0.3036529,0.13990034,0.16048975,0.092656285,0.1857156,0.23087034,0.112840936,0.1579057,0.19294912,0.20343487,0.14413275,0.28495,0.3136574,0.23486167,0.13381407,0.25263524,0.1252605,0.15899634,0.15039979,0.10806837,0.11588768,0.16040766,0.17282806,0.19986007,0.09745356,0.18311173,0.11234401,0.16336863,0.15081872,0.13385275,0.18622905,0.2285256,0.13850954,0.19814739,0.10389295,0.09696557,0.17073287,0.15500748,0.1487911,0.13701189,0.11090462,0.12892409,0.123001024,0.13075647,0.14633636,0.14700921,0.104825504,0.08358628,0.16053763,0.08983564,0.121030636,0.1570961,0.104117565,0.093768224,0.067297526,0.07548231,0.061703414,0.09976043,0.12762909,0.10836711,0.09286901,0.10853707,0.13844897,0.07554494,0.13874306,0.092179894,0.11718281,0.113510415,0.07049276,0.08776629,0.16935901,0.07498111,0.13311419,0.1255105,0.17464805,0.059259143,0.080415554,0.09208375,0.11474284,0.097058214,0.13354567,0.088155985,0.19658631,0.20450468,0.15705852,0.107575126,0.11179419,0.15945482,0.06845556,0.09209642,0.14336641,0.07843359,0.08655614,0.1140735,0.062654234,0.06486666,0.1366276,0.062248442,0.06903226,0.08771135,0.10330966,0.087337695,0.060722545,0.14415483,0.14160706,0.108684465,0.14110439,0.1088307,0.084502116,0.122688584,0.08074415,0.15310176,0.10643497,0.11756947,0.05514984,0.09394706,0.10259118,0.11844481,0.104714826,0.11983237,0.090228654,0.1043149,0.101537846,0.1421613,0.13188526,0.15596141,0.12949233,0.07240697,0.13324562,0.16993919,0.20849247,0.11980909,0.118322864,0.09503096,0.08595749,0.07072309,0.057975173,0.10861583,0.1431436,0.13221622,0.07307917,0.076070264,0.084260315,0.08317146,0.12311026,0.078837186,0.093715064,0.1007857,0.090528704,0.0844126,0.11077875,0.048804585,0.079030834,0.10099986
0.15958503,0.12556267,0.09400317,0.072384596,0.14142384,0.4039866,0.481327,0.123619094,0.17829445,0.11009609,0.21240395,0.20218837,0.1234717,0.14938577,0.22442816,0.30041382,0.15584485,0.35582775,0.29694545,0.263421,0.3756085,0.46020296,0.17725053,0.11534561,0.30455238,0.10884528,0.14148518,0.12446393,0.18532816,0.1740282,0.11546682,0.12444589,0.1554822,0.15744025,0.15115245,0.18946615,0.21045996,0.20131496,0.12741284,0.1921807,0.23801216,0.20356154,0.202441,0.13544317,0.14967403,0.17895098,0.17224693,0.15869848,0.15440494,0.116834,0.175727,0.17757253,0.12858045,0.07280385,0.14217608,0.15130131,0.19363573,0.11974213,0.1630392,0.15565205,0.1753391,0.08822863,0.13213316,0.24132955,0.16975243,0.1644488,0.15855715,0.3093577,0.20469655,0.15297349,0.20258044,0.1909439,0.23399913,0.18363509,0.15971819,0.18278526,0.15355524,0.17289998,0.21155564,0.11572041,0.1311466,0.07612437,0.102673486,0.10634188,0.17878018,0.13971335,0.1190667,0.11543249,0.1646866,0.25076652,0.21250163,0.08810529,0.10978338,0.11959134,0.16118297,0.12043266,0.10316909,0.06564711,0.17213365,0.09506281,0.10923386,0.11400393,0.16932994,0.11601298,0.14772166,0.0968534,0.0789355,0.11170628,0.07443184,0.1720023,0.17450216,0.18181936,0.18843147,0.12490031,0.12668325,0.12184143,0.178523,0.1789303,0.1739203,0.09670963,0.06764043,0.153199,0.08224386,0.13801704,0.15620509,0.17696457,0.07861656,0.09333412,0.13170289,0.12897058,0.12923872,0.14056699,0.17511657,0.08275275,0.1020948,0.08904258,0.17393161,0.13726105,0.19508064,0.08050907,0.058997143,0.09195498,0.09195346,0.07499935,0.17040408,0.13735883,0.121801816,0.06062638,0.09599959,0.10725618,0.1212281,0.12576437,0.09556145,0.12254926,0.1373026,0.097049735,0.08615217,0.056468952,0.11036656,0.07381974
0.1608671,0.11336033,0.10095635,0.07930306,0.13008551,0.32950673,0.44130227,0.1361715,0.19922489,0.11174799,0.19960736,0.2435866,0.15925194,0.14908092,0.283594,0.24916323,0.20205045,0.433808,0.37818947,0.43011448,0.40775132,0.7730341,0.24929644,0.112510085,0.29110253,0.101866655,0.11648938,0.11555326,0.13726728,0.14344923,0.13757823,0.111219056,0.121831454,0.13430919,0.16425471,0.21980709,0.20837803,0.27713192,0.16494216,0.2251514,0.26704094,0.17282262,0.30571958,0.19760919,0.19898239,0.15230937,0.2641265,0.14390218,0.24754356,0.14062415,0.24249451,0.2145353,0.22033882,0.104315795,0.1437723,0.1769241,0.13021848,0.12009891,0.17577977,0.12866889,0.14695655,0.09740278,0.11708297,0.17081521,0.1517648,0.18634684,0.17925674,0.27823025,0.22713426,0.16549958,0.13893794,0.17092529,0.21891643,0.19191372,0.17281854,0.17119646,0.11937766,0.13945907,0.15500851,0.12575188,0.15746708,0.101601735,0.14077996,0.10849039,0.19992156,0.16503818,0.12445876,0.13571334,0.164891,0.23626444,0.1526869,0.1144159,0.09815759,0.096360035,0.17983222,0.10856053,0.08809706,0.07681557,0.12408281,0.10443564,0.12223965,0.15026334,0.14066228,0.11776498,0.13443792,0.114216715,0.08739347,0.13867877,0.09741658,0.20734966,0.13348593,0.14814274,0.18112491,0.15091406,0.15163653,0.116540834,0.19100566,0.17456432,0.1624151,0.06907661,0.08658096,0.11753062,0.09987137,0.124556795,0.10608165,0.17043583,0.07286132,0.09179586,0.112122394,0.13218892,0.16604911,0.12679969,0.114420824,0.081309475,0.112358026,0.10969465,0.15896167,0.13528293,0.15559427,0.07792125,0.051737603,0.101788916,0.07859036,0.08970158,0.1333838,0.1202218,0.12048778,0.06732696,0.0923833,0.117282964,0.14974944,0.1317687,0.089752585,0.09105598,0.077499494,0.09856613,0.07829422,0.06058834,0.07870365,0.088659585
0.13186051,0.07850371,0.119290754,0.080834396,0.06645228,0.113938645,0.1644969,0.12291773,0.107966356,0.08343393,0.12127089,0.09828437,0.08997037,0.1333268,0.15174569,0.20286502,0.07628056,0.17468223,0.13767846,0.15023068,0.19726574,0.1951811,0.12592737,0.135858,0.1438514,0.10820673,0.10141706,0.13915521,0.1276632,0.12843804,0.11254776,0.15412486,0.11838223,0.10093433,0.13359232,0.12482385,0.1360809,0.17300594,0.13138756,0.13568832,0.13602586,0.16467662,0.16754423,0.11107274,0.13745199,0.12090756,0.15355076,0.12472098,0.17285047,0.11994104,0.1153482,0.14807835,0.16997048,0.13376267,0.11610659,0.087969206,0.10070913,0.11955095,0.17193979,0.14921299,0.1117888,0.1335334,0.11979169,0.12239092,0.17301495,0.13060418,0.11853537,0.13555387,0.11940516,0.11483338,0.11825937,0.12640606,0.11232803,0.10468663,0.1198889,0.10186235,0.11983774,0.098660894,0.12629026,0.12304544,0.13331039,0.09853794,0.1139487,0.0871966,0.17219591,0.102502495,0.092521586,0.12390344,0.10287622,0.14230663,0.15084127,0.122565754,0.08806853,0.08815428,0.140025,0.08802483,0.10453735,0.16887726,0.099176794,0.108625494,0.10815858,0.16573931,0.13605797,0.09403348,0.141585,0.08933785,0.08126324,0.10912955,0.082769446,0.12180388,0.10707347,0.10468002,0.08944586,0.09747302,0.07076868,0.09036061,0.17541662,0.1304746,0.0974549,0.10859992,0.057888176,0.11305066,0.10093261,0.10036345,0.11056301,0.1409961,0.07164708,0.127819,0.08340036,0.10395539,0.08685091,0.09470333,0.099615544,0.06952769,0.07582631,0.11190766,0.14407241,0.11254625,0.09647967,0.08907562,0.07276825,0.047082614,0.08243486,0.096255176,0.12524393,0.11057428,0.1163572,0.058302388,0.117005445,0.085533485,0.0932903,0.1052779,0.093853,0.089174554,0.068333246,0.079705514,0.06770231,0.056599367,0.08114044,0.09554174
0.13496748,0.43866685,0.046353824,0.015331295,0.13580899,0.5354039,0.59789616,0.27505517,0.15079732,0.2825005,0.23819213,0.026948238,0.21460003,0.11371137,0.17941079,0.28098315,0.39441422,0.60037315,0.4574684,0.63066244,0.28174514,0.6982983,0.43129152,0.07579029,0.04080987,0.05463592,0.040493138,0.13002838,0.14518821,0.13324755,0.1501358,0.18634005,0.12684183,0.15548486,0.17664392,0.21496283,0.16600929,0.19871768,0.19611765,0.21333456,0.1566525,0.13240828,0.25476864,0.12524888,0.16264156,0.113574445,0.1877311,0.10479308,0.18905014,0.20538318,0.18530898,0.16546018,0.1314249,0.17584275,0.2891481,0.14071795,0.12979041,0.14672025,0.10044694,0.10538803,0.12917255,0.13529155,0.08712549,0.13456292,0.14340502,0.1705402,0.15813228,0.1373671,0.26580787,0.13896374,0.15142667,0.17480071,0.14266542,0.15646257,0.09726067,0.18588026,0.34901765,0.11357599,0.14580704,0.17532295,0.13829117,0.07412104,0.19461434,0.18507953,0.18524526,0.16380829,0.20573834,0.10836508,0.25646174,0.3024329,0.14643367,0.21151046,0.16122574,0.13680045,0.109167285,0.19482686,0.25048777,0.10793655,0.120317265,0.14806023,0.06916722,0.076836824,0.1562531,0.048566483,0.07081713,0.15896508,0.16474913,0.122601464,0.05668401,0.101627186,0.14374486,0.16565794,0.1643863,0.11217559,0.16896611,0.14867784,0.108781785,0.23982595,0.23010221,0.20309246,0.14971974,0.119812325,0.12315748,0.09967419,0.09067088,0.16874437,0.116832025,0.082993016,0.107562825,0.15408158,0.11790917,0.16927636,0.09932714,0.13466464,0.15860891,0.13659613,0.24670073,0.18489882,0.17103851,0.18401778,0.17860414,0.30931872,0.07370571,0.111806035,0.14850196,0.12478843,0.16905683,0.089687414,0.11526556,0.12271467,0.14695941,0.07295551,0.16839126,0.1672635,0.12610377,0.1778887,0.2629845,0.19256593,0.09210037,0.09806178
0.36974376,0.3026633,0.2678381,0.111781925,0.16631031,0.29594845,0.3595988,0.2971674,0.31936735,0.29999405,0.30164745,0.25744507,0.3095334,0.20156987,0.22518677,0.22059739,0.32018578,0.38102403,0.3348756,0.30044857,0.27744704,0.28494665,0.28647673,0.38539177,0.20526056,0.28705233,0.23265842,0.3936745,0.28648964,0.3338972,0.30409855,0.4069372,0.26567018,0.32948315,0.30194563,0.19546288,0.22203377,0.23845923,0.28902575,0.31604564,0.3010983,0.22581488,0.2680618,0.20817782,0.15953684,0.17175446,0.20090769,0.19880885,0.19530417,0.31923524,0.29333076,0.21456428,0.29378757,0.32045597,0.3417244,0.15757725,0.2878553,0.32508007,0.27826902,0.21082935,0.15865533,0.22079553,0.2139248,0.21074793,0.19049728,0.20390503,0.24821639,0.17604482,0.19034684,0.20667207,0.22140156,0.2029803,0.21539272,0.17717971,0.11435031,0.20820816,0.3254341,0.175854,0.33620653,0.33396807,0.28793415,0.16371252,0.26954845,0.3494391,0.39992875,0.35279673,0.29511923,0.22403222,0.3093713,0.299379,0.23300233,0.32215422,0.3117239,0.22460319,0.16407062,0.23270026,0.25097853,0.40329856,0.22291255,0.2968888,0.26052776,0.20009156,0.2769176,0.15448868,0.20413502,0.18844357,0.21481766,0.248162,0.12953557,0.19349217,0.18233843,0.30626696,0.26057473,0.2127489,0.20304331,0.18785179,0.16262105,0.23212421,0.27149785,0.29145592,0.1599026,0.2697627,0.27925503,0.2729255,0.23434062,0.1722842,0.17972107,0.16671903,0.16787165,0.18531953,0.16265109,0.17550935,0.14723225,0.15983379,0.20611006,0.20824446,0.17513384,0.12970361,0.19533543,0.17203918,0.18358666,0.13745713,0.19983992,0.2512611,0.28677613,0.26063132,0.1599105,0.17632097,0.16268465,0.09092343,0.1669228,0.10588699,0.15575376,0.14595039,0.19896309,0.15728788,0.1726973,0.1677737,0.20927505,0.23100199
0.13273354,0.13940898,0.03453063,0.016100561,0.07470892,0.31079096,0.40357554,0.10454791,0.13967516,0.11755434,0.13828577,0.13162914,0.08062524,0.08672434,0.18945175,0.24741267,0.24465606,0.3566224,0.43864542,0.51233965,0.17724532,0.5353929,0.2848634,0.13799745,0.095124334,0.05470984,0.09556513,0.1165116,0.08889743,0.097716905,0.08335727,0.072567314,0.049677547,0.08338244,0.09660047,0.087186776,0.08901271,0.119878106,0.12189624,0.14327915,0.16348647,0.14625113,0.17182446,0.096835725,0.13288404,0.13003188,0.13310243,0.1157426,0.13969909,0.111014806,0.17902577,0.1120178,0.078809224,0.06875937,0.18797268,0.16004278,0.13096526,0.10499693,0.11680541,0.062652566,0.08242366,0.061030492,0.06634289,0.097901195,0.07206643,0.08450194,0.079397276,0.10283722,0.16567843,0.116948925,0.14683375,0.11461312,0.111954845,0.10104106,0.10291713,0.115291186,0.2422154,0.12948921,0.12856263,0.10634968,0.070623495,0.07228766,0.106184915,0.085003585,0.1116223,0.091209024,0.064332865,0.07911598,0.14509836,0.17082886,0.13377142,0.10899782,0.09088599,0.07298502,0.06121031,0.107696325,0.16582537,0.08552285,0.102041595,0.08924057,0.088106036,0.06265718,0.07645923,0.057657484,0.085480526,0.08768696,0.08831285,0.07758237,0.061582472,0.121245496,0.06874634,0.08424664,0.20525645,0.1338695,0.09444457,0.08168162,0.08462593,0.10197846,0.09792149,0.11444852,0.11818754,0.10400641,0.08006827,0.10201621,0.07284585,0.07516042,0.058656834,0.08426487,0.051096126,0.085242406,0.06590948,0.07882252,0.075790055,0.05590583,0.099053726,0.11595358,0.11594113,0.10413234,0.11302796,0.06462481,0.0758472,0.17323871,0.05963191,0.07571612,0.10059962,0.07245321,0.08784282,0.044556946,0.049839206,0.06504264,0.041556362,0.05420674,0.064122915,0.08941056,0.07650411,0.1029335,0.1441655,0.12289168,0.06346278,0.07719352
0.48217523,0.21551196,0.10044746,0.051821373,0.22400825,0.46756893,0.39952135,0.20838301,0.55431324,0.31050432,0.3122658,0.22584958,0.45211324,0.31044808,0.29909596,0.22493272,0.43032148,0.67761976,0.44408002,0.4702576,0.28803703,0.27421463,0.3215048,0.5652698,0.20236382,0.4109126,0.24947454,0.36129647,0.20420322,0.21347347,0.24690166,0.30212677,0.19571267,0.2514412,0.37036762,0.28062332,0.19066578,0.25356656,0.25939465,0.37225696,0.204243,0.14585602,0.17824425,0.20201887,0.15797299,0.20066229,0.12783025,0.2216805,0.14832425,0.3728471,0.4745367,0.3747208,0.4010408,0.33650333,0.4368254,0.11206816,0.16222434,0.25859988,0.1882054,0.16748533,0.11220345,0.2728578,0.13160115,0.17739546,0.17101552,0.18206614,0.30747452,0.2223338,0.13138925,0.13004507,0.12711099,0.19816425,0.45355538,0.31160212,0.12840997,0.19657949,0.45478174,0.10536457,0.18474682,0.18002906,0.26935163,0.080688156,0.15400608,0.22729796,0.21606645,0.19934744,0.24840839,0.11521289,0.16363616,0.23985079,0.25107077,0.25305656,0.27453324,0.23251985,0.12236721,0.20777124,0.33639178,0.35634342,0.16779841,0.20084713,0.095834225,0.11279484,0.3141596,0.19515063,0.14864561,0.12911697,0.31651574,0.3150789,0.12656419,0.27045456,0.25988966,0.21101438,0.33165982,0.39341408,0.24395627,0.19760607,0.10706466,0.20313023,0.25484648,0.33598822,0.11731163,0.22921735,0.20046075,0.19190468,0.27015963,0.16480891,0.19642748,0.16661014,0.16943157,0.22370888,0.1651458,0.15616754,0.10302706,0.133938,0.33950293,0.31445822,0.24193566,0.19121426,0.13073197,0.18648915,0.19601195,0.08875447,0.15952028,0.17526007,0.1905547,0.21409607,0.1414248,0.1941341,0.14185192,0.12923722,0.2255606,0.08205441,0.1304695,0.17160115,0.17799208,0.16025256,0.18759714,0.19038598,0.21490197,0.20220459
0.09462216,0.2497683,0.01787422,0.0072654276,0.11508715,0.6876104,0.5745174,0.22112627,0.17456456,0.15163603,0.24949268,0.12533124,0.10082191,0.110964924,0.27976948,0.1573106,0.2819652,0.3072734,0.44497466,0.445693,0.16139606,0.6188652,0.2773613,0.11199142,0.11101154,0.056195747,0.08659356,0.07843599,0.08825325,0.08359459,0.066909894,0.05470422,0.03781479,0.0859031,0.052030917,0.0642068,0.08124248,0.08907234,0.07793241,0.073337376,0.12149203,0.0893859,0.3445975,0.037801594,0.12631519,0.07232509,0.19465284,0.0529177,0.20737046,0.1096016,0.1030554,0.13055536,0.045643922,0.046489567,0.201302,0.10887062,0.14482571,0.08865279,0.08880658,0.049616043,0.088631265,0.054705985,0.04419311,0.10408668,0.1242073,0.10377457,0.10503072,0.16408066,0.2187635,0.13325259,0.1813341,0.15463753,0.12576406,0.13501318,0.09108937,0.15006967,0.18270066,0.057537343,0.19135393,0.08251961,0.056939438,0.026579987,0.06295109,0.070285074,0.18036821,0.101576254,0.06838114,0.068946555,0.237372,0.22560327,0.076177046,0.07971873,0.07729624,0.072266564,0.09144539,0.08627251,0.088709675,0.02182342,0.1614294,0.060748193,0.09868741,0.033792723,0.08240359,0.046470523,0.04965936,0.09469318,0.06356671,0.07040942,0.043383952,0.072354995,0.073966786,0.1416438,0.20849003,0.10924175,0.14369126,0.13651223,0.15732677,0.13238725,0.17576398,0.0773255,0.08961181,0.10800544,0.054999422,0.07587565,0.0491154,0.10861879,0.037738953,0.07114913,0.0398903,0.090077035,0.07298707,0.104805864,0.052417606,0.048044816,0.07080556,0.11199896,0.30064848,0.28317267,0.2698025,0.11128345,0.07372815,0.22829504,0.044802453,0.047460526,0.09009354,0.052632377,0.04234425,0.027976783,0.037291374,0.06447214,0.033388425,0.028128833,0.073529586,0.0892104,0.04281377,0.053987794,0.10630261,0.08612043,0.054788176,0.039102376
0.063796185,0.023082254,0.0374288,0.051828295,0.057972375,0.05327456,0.092414156,0.05518577,0.064202465,0.048475172,0.04666561,0.054888133,0.053242166,0.05854012,0.09218306,0.08463102,0.062970154,0.04497269,0.057932097,0.06350105,0.07616429,0.09248612,0.075154945,0.057660796,0.13030007,0.07406376,0.0743975,0.05670387,0.06275653,0.059433576,0.062820844,0.04808229,0.08102074,0.061444797,0.07234266,0.08140148,0.0632276,0.066077806,0.10837064,0.0712384,0.0744982,0.14700192,0.11403802,0.07553425,0.1440279,0.09370467,0.18744853,0.083328635,0.14594746,0.081360236,0.04181133,0.055534296,0.03924351,0.036853332,0.051512346,0.090834,0.09291575,0.048829384,0.07288944,0.04490604,0.0663222,0.051692184,0.05546965,0.055199407,0.0582844,0.07132032,0.05781616,0.07054683,0.1285177,0.162206,0.09117617,0.109938465,0.049382027,0.05417979,0.10501457,0.08495675,0.05690465,0.10900164,0.11070348,0.055888485,0.031231487,0.060857765,0.06830204,0.048268937,0.07560903,0.06514879,0.05576167,0.06589874,0.07353794,0.060493816,0.05050384,0.08515918,0.054340083,0.047945585,0.090112805,0.062614225,0.051618513,0.08023172,0.078931,0.062016558,0.07064468,0.061666105,0.049009793,0.14979705,0.11917294,0.07970469,0.0494116,0.039567295,0.14723414,0.103794605,0.062270567,0.070636936,0.038450204,0.04457674,0.04666553,0.05313889,0.089175574,0.056278985,0.07134473,0.052184977,0.08375145,0.089533865,0.06390443,0.09426049,0.061818197,0.06837185,0.046591934,0.086681634,0.07493878,0.067023374,0.029569518,0.047355857,0.0416942,0.06165942,0.048184894,0.03829739,0.052283667,0.078559525,0.06376438,0.06258921,0.0461329,0.077261545,0.08062185,0.057432577,0.058903795,0.040257055,0.07493007,0.061197914,0.11795293,0.08290203,0.060835432,0.10712987,0.07908361,0.08963275,0.05809607,0.048090678,0.05044719,0.047190595,0.05865699,0.04950602
0.09978573,0.11940825,0.046677187,0.024081353,0.06047973,0.10387468,0.4707509,0.04452328,0.04442643,0.15756801,0.07588199,0.036722638,0.055184525,0.071101636,0.19714373,0.21282579,0.107409395,0.10785353,0.3220643,0.19868533,0.1079071,0.24108621,0.117208704,0.07942949,0.08268519,0.053392656,0.14059873,0.068289936,0.116939515,0.11356352,0.10754256,0.11699875,0.118728094,0.1122704,0.13388649,0.12343863,0.13769722,0.098879464,0.15570068,0.17984426,0.19841652,0.10718391,0.24455298,0.07923294,0.18774596,0.104300514,0.22707175,0.10457937,0.27766812,0.19179578,0.20680113,0.12706362,0.0689721,0.12539095,0.14358182,0.08725464,0.13077274,0.051573917,0.1485463,0.14713007,0.18157308,0.1404958,0.11821857,0.26326665,0.13626972,0.15271293,0.19117458,0.17412575,0.098487474,0.087295525,0.17083363,0.2477824,0.2189562,0.23801996,0.14556892,0.30707097,0.11331731,0.09781557,0.12516178,0.051505663,0.066214085,0.078587614,0.10303536,0.10433207,0.11152353,0.099651285,0.06925163,0.07582952,0.18558483,0.23742802,0.25039688,0.12832549,0.16799863,0.104590535,0.13677861,0.20287946,0.086940706,0.021765226,0.09275323,0.04603717,0.101240315,0.12929526,0.25354338,0.18070054,0.0677546,0.19536574,0.17556188,0.090804756,0.16149764,0.15107262,0.22014971,0.2648417,0.393355,0.09680074,0.24387367,0.21060777,0.23723042,0.29765385,0.3041321,0.099085964,0.051955033,0.099380046,0.049985055,0.11512892,0.09458843,0.22835794,0.09741765,0.10752056,0.13167845,0.19398639,0.2202509,0.14398071,0.15699226,0.116075315,0.13166676,0.13950506,0.29743585,0.20189232,0.28631473,0.16355492,0.0734275,0.05785715,0.052684393,0.04529031,0.1297155,0.0834558,0.09455291,0.058378313,0.0894728,0.12105078,0.12820636,0.09738554,0.12290372,0.16912024,0.06756499,0.09029549,0.08206459,0.026230793,0.0567886,0.049554408
0.04291856,0.043860935,0.033366755,0.019490128,0.058770478,0.2584589,0.32475957,0.03685441,0.07668583,0.04589693,0.027186275,0.08926155,0.04234562,0.07750665,0.11569356,0.3070175,0.12781385,0.0528052,0.40174663,0.25167483,0.10364292,0.39457774,0.10361163,0.037471868,0.03854334,0.024885392,0.07544968,0.049068056,0.05319181,0.05714738,0.07080644,0.07719706,0.04094719,0.049707495,0.07102413,0.20441598,0.09331951,0.053047065,0.18547057,0.14069614,0.2480499,0.10363383,0.43482357,0.11968307,0.21326378,0.19181588,0.30086377,0.12587018,0.278841,0.1841157,0.17687616,0.12968488,0.029008504,0.094541445,0.13148312,0.0710692,0.062523216,0.04123072,0.08860058,0.0906429,0.11962016,0.0994651,0.14775072,0.14691801,0.0833752,0.16588335,0.233231,0.12562026,0.21743366,0.16230018,0.06520452,0.2152088,0.19775769,0.16320445,0.1025871,0.17483872,0.08316348,0.047878463,0.08384154,0.035708778,0.051907875,0.047784537,0.071740896,0.09496921,0.16208903,0.10603471,0.06943074,0.09812073,0.10628943,0.19927585,0.104049735,0.1125683,0.12994601,0.052388668,0.10689793,0.13895793,0.078183345,0.03126896,0.052076455,0.032505587,0.082025915,0.07047207,0.08768176,0.12448659,0.06670912,0.09731495,0.111737125,0.033225857,0.100374535,0.09779102,0.09299537,0.1772053,0.31199217,0.074061856,0.14133069,0.120798215,0.14648858,0.08858347,0.22231591,0.076884344,0.07179097,0.047655765,0.03686377,0.074633956,0.03573396,0.09426119,0.07673369,0.13186128,0.06582352,0.07794306,0.1390517,0.105030686,0.036397513,0.08697787,0.10812712,0.14716789,0.25635257,0.2666394,0.20597565,0.123299055,0.080662936,0.08826942,0.023139069,0.0304158,0.08585463,0.05030012,0.076815285,0.04978606,0.057519186,0.059579264,0.05698651,0.060879905,0.11902172,0.12000887,0.04500966,0.07242541,0.12703711,0.04969318,0.021463875,0.02893589
0.08665892,0.004414817,0.061392862,0.052672435,0.070977926,0.092477806,0.098346666,0.09563423,0.08146299,0.07711384,0.068000875,0.10426137,0.09472434,0.06915714,0.106521,0.12594202,0.098696925,0.061261833,0.10555815,0.09207312,0.06425219,0.1171996,0.06986158,0.04968726,0.05879406,0.06936191,0.09066999,0.10175034,0.07654272,0.08344488,0.056888904,0.08871422,0.08337033,0.11243322,0.107267864,0.07043138,0.04664839,0.08122072,0.072857544,0.17501917,0.08834104,0.079650834,0.104896024,0.11137438,0.14712155,0.0885417,0.09606942,0.119905785,0.13014123,0.11851399,0.10376763,0.06943436,0.070298605,0.10170843,0.07458454,0.06588666,0.07402977,0.073973194,0.06641456,0.11480773,0.094576076,0.07978328,0.047672678,0.12670776,0.091198966,0.14833456,0.06787921,0.11194987,0.08301961,0.06656314,0.10381463,0.13260743,0.08942019,0.113987274,0.06128088,0.116637945,0.056045797,0.04034428,0.062144384,0.077082425,0.07420893,0.041474693,0.11021587,0.08334944,0.060440905,0.10217441,0.053557873,0.053247128,0.10916426,0.11502694,0.06397635,0.08465127,0.06464284,0.097885385,0.06628447,0.11469795,0.04083665,0.026065663,0.044555336,0.064590015,0.032260094,0.060742814,0.12130637,0.07260053,0.0670486,0.104886785,0.09685457,0.0603766,0.09063509,0.07291508,0.10578468,0.12191627,0.06702583,0.08872054,0.14277709,0.051134117,0.06121585,0.0929184,0.110452145,0.04623951,0.035365988,0.04026324,0.078993276,0.05240974,0.09550547,0.12374572,0.10904903,0.048904106,0.1779325,0.1689785,0.10973359,0.10265615,0.12862653,0.09034853,0.123419285,0.09604962,0.103362545,0.08114024,0.102789186,0.0863475,0.041552037,0.028216671,0.035872746,0.070144184,0.07445667,0.087907,0.09740666,0.07761755,0.05454793,0.09525484,0.0808693,0.099119894,0.12473804,0.10285403,0.072900236,0.1206353,0.047316395,0.023721492,0.04265012,0.06544136
0.09282529,0.0949665,0.0949437,0.055987436,0.06289538,0.101854675,0.15315452,0.115466446,0.0911224,0.07151593,0.097342804,0.08850649,0.07127252,0.11207894,0.13128005,0.21533859,0.06394527,0.13520329,0.106065616,0.13856193,0.110623956,0.14235346,0.061372552,0.09575447,0.12196441,0.071162485,0.042404145,0.077362016,0.11955548,0.14116204,0.060041018,0.09718761,0.06880551,0.07903664,0.08856884,0.08083587,0.09962782,0.08623643,0.055655908,0.08265477,0.08036475,0.08680791,0.16936469,0.06746459,0.12121181,0.08360397,0.1330867,0.07915681,0.14165811,0.07008735,0.0651907,0.07004213,0.067767136,0.060643125,0.068808995,0.051834036,0.049485788,0.057626445,0.068585455,0.06262209,0.047452517,0.053263173,0.033066142,0.053264946,0.082356595,0.054826837,0.057687767,0.05237839,0.09349009,0.07935893,0.09195786,0.051911894,0.051723015,0.044791855,0.052462917,0.048658457,0.07031706,0.06260346,0.05792448,0.05788852,0.06458052,0.046714228,0.06786377,0.08096577,0.08333285,0.052217133,0.053102866,0.06723492,0.079823695,0.057729658,0.105588496,0.099531494,0.12056752,0.15891221,0.090885356,0.07211495,0.07054285,0.08563968,0.040990364,0.057499934,0.045520473,0.21019149,0.056029994,0.046190225,0.08875621,0.041040614,0.0719119,0.07941339,0.047405742,0.15427077,0.09090639,0.06278331,0.05320895,0.053831797,0.04449064,0.05791132,0.057712637,0.07043477,0.06468981,0.059432525,0.06349804,0.050213676,0.05064287,0.062109057,0.057225496,0.048854824,0.043444067,0.030574016,0.04103697,0.04936612,0.043528855,0.060915004,0.062489852,0.06048476,0.052697465,0.058111724,0.09645453,0.043231502,0.073998906,0.06484024,0.042494897,0.04358017,0.039652403,0.053592063,0.06034977,0.056183536,0.07261329,0.058313727,0.095081195,0.052320458,0.08652476,0.05368026,0.063028686,0.058921095,0.051555157,0.0833076,0.051885895,0.057630632,0.043668013,0.051227883
0.18099883,0.16180472,0.055023085,0.028816495,0.10559361,0.37303728,0.31996563,0.2137071,0.24837533,0.14763975,0.18818985,0.23267533,0.19351692,0.15213506,0.1346271,0.19330212,0.2309265,0.29718658,0.34916,0.31298354,0.15966341,0.3898497,0.14112395,0.14379472,0.23622495,0.10287534,0.08266319,0.1401962,0.14152794,0.15275683,0.092028186,0.14005372,0.122605726,0.1721045,0.13314418,0.1419713,0.14986993,0.17429785,0.10219563,0.12928712,0.07550209,0.11409845,0.12775245,0.10373637,0.1404311,0.09890377,0.113658264,0.09934445,0.1010471,0.08628658,0.12985459,0.1288595,0.15737669,0.07585421,0.15089792,0.13613838,0.09499999,0.13219365,0.10855799,0.11344137,0.10412945,0.09668454,0.037940748,0.115607075,0.1515421,0.1012596,0.119909845,0.13130865,0.134943,0.07530593,0.1394495,0.096885495,0.11328827,0.124844365,0.07779696,0.108060285,0.1441343,0.09750385,0.095543586,0.118512794,0.09786412,0.042282257,0.09016248,0.09110578,0.09323702,0.075131044,0.10513214,0.056198012,0.13670744,0.13204649,0.12604499,0.07542709,0.085115984,0.13065301,0.082313,0.09406835,0.09033234,0.07326908,0.06140323,0.09997634,0.06880078,0.121264175,0.10661246,0.052165907,0.07553995,0.07534047,0.08796371,0.0884755,0.06252745,0.1163133,0.11721897,0.10382122,0.12129834,0.088730045,0.08040321,0.077792816,0.067252055,0.15233395,0.09196396,0.07817194,0.08464398,0.057434298,0.0827494,0.07468971,0.095781036,0.08735056,0.06580879,0.039662544,0.06988183,0.09669986,0.08168618,0.109013684,0.09528505,0.04998968,0.08608566,0.084104,0.12136568,0.08244309,0.09330307,0.06285833,0.05609482,0.11694211,0.03910584,0.07713007,0.10820538,0.09624128,0.09060393,0.061562553,0.086626865,0.059029214,0.10600338,0.052334566,0.058742106,0.080210015,0.073216595,0.08768782,0.076470226,0.07631552,0.038102888,0.073136464
0.18917315,0.0812607,0.1526537,0.09008086,0.15447013,0.085882254,0.1015535,0.10381323,0.16108868,0.110048935,0.12490589,0.100851454,0.11507807,0.13800023,0.08415071,0.09868607,0.15699837,0.11465636,0.1676992,0.11656201,0.108978614,0.0903376,0.12358545,0.21733941,0.14827916,0.18188132,0.08697879,0.14284946,0.15893346,0.15679578,0.16719663,0.12959607,0.14824739,0.16723628,0.15731952,0.104045466,0.12427245,0.13716324,0.11045691,0.16640307,0.10742904,0.13069722,0.12664676,0.13462344,0.105617546,0.12441611,0.09619279,0.14041357,0.09122457,0.12245036,0.09070478,0.11579071,0.106271684,0.16981474,0.107013956,0.16996126,0.07036156,0.09454758,0.09366336,0.106243476,0.06593348,0.09340043,0.05261487,0.08123512,0.1252031,0.06484835,0.06168637,0.07839332,0.16188428,0.113610715,0.09531878,0.11713512,0.060537998,0.0839885,0.08879936,0.10659759,0.07697678,0.08037788,0.08084193,0.08175751,0.08739597,0.07143616,0.09244767,0.12328239,0.14362,0.113601856,0.07533859,0.05130916,0.07708004,0.085438624,0.098815225,0.11988063,0.08485138,0.10785043,0.07577162,0.110050604,0.076494135,0.09999681,0.042907245,0.073915415,0.03946962,0.06363339,0.12398659,0.070374705,0.0971665,0.08924708,0.082705855,0.065913185,0.05298165,0.11246388,0.11166577,0.077207275,0.07853013,0.086931825,0.10302077,0.07358249,0.058351506,0.09780466,0.07960481,0.09925813,0.08820044,0.06200106,0.08711803,0.047426432,0.078130096,0.0865544,0.057484467,0.06358641,0.0601712,0.09656954,0.04163587,0.053180702,0.05444948,0.061695423,0.046884988,0.062229007,0.08172393,0.0669928,0.065582566,0.07193434,0.083323285,0.051037803,0.054475512,0.084696285,0.057662223,0.05448592,0.06692661,0.056008566,0.07452125,0.05277901,0.089649156,0.027975677,0.065664195,0.07313519,0.057535738,0.06216852,0.05383756,0.088772245,0.04713828,0.08217578
0.051082663,0.03752921,0.040255364,0.037915625,0.050072465,0.05004138,0.044837326,0.061995905,0.038734324,0.030279374,0.046308074,0.04432652,0.040337622,0.046777513,0.049706914,0.06253411,0.060358234,0.03997137,0.042987633,0.048414133,0.040548433,0.048808448,0.048915286,0.01779196,0.040168833,0.044862732,0.04393943,0.044383585,0.034925714,0.032410428,0.045275483,0.049260482,0.04792704,0.04194204,0.05688689,0.056455914,0.045083757,0.03772176,0.04878312,0.046584494,0.05097298,0.053660817,0.051780555,0.05243374,0.06419358,0.05781781,0.07312738,0.05508073,0.08287907,0.047165956,0.03574085,0.033915557,0.04430313,0.041016363,0.05740676,0.05145359,0.048424624,0.04129225,0.05166973,0.060133956,0.052694492,0.06263381,0.04814422,0.040181234,0.047071557,0.04411449,0.05241854,0.045682516,0.062616,0.06464481,0.04673289,0.05437792,0.03827652,0.033979207,0.05740603,0.040723912,0.05933155,0.041244697,0.05384167,0.042634495,0.04555248,0.05781452,0.037852697,0.0538976,0.046307374,0.03310004,0.043039262,0.036505733,0.031610563,0.03355897,0.037092086,0.038155362,0.048072986,0.042710602,0.057756238,0.030561924,0.05003191,0.05236458,0.04373756,0.038401388,0.037556555,0.049977597,0.036952753,0.038286816,0.048222993,0.042254962,0.044659898,0.1608159,0.04990423,0.04574482,0.028861681,0.027023911,0.033828586,0.03178112,0.035593837,0.046456825,0.09562827,0.038376562,0.0316169,0.04617536,0.083730154,0.04684539,0.040749054,0.053369436,0.0332503,0.045696996,0.059205357,0.043382276,0.032234028,0.044478584,0.057099737,0.030142017,0.032683372,0.02778232,0.04233086,0.034493603,0.04089206,0.041366052,0.053271618,0.027367134,0.04562657,0.06583813,0.046961848,0.0403643,0.05349192,0.042963397,0.04754767,0.044300478,0.043480083,0.02702972,0.042389136,0.05534687,0.034367997,0.03485347,0.03211464,0.024409955,0.048252236,0.09030429,0.04834893,0.038912732
0.07652992,0.07140867,0.075382404,0.049515996,0.036701187,0.05192239,0.05743536,0.07078034,0.07792911,0.09082049,0.10218812,0.091128215,0.049354143,0.04204035,0.0343239,0.08062121,0.07674211,0.07056595,0.06488802,0.058301207,0.06015026,0.036724858,0.038478963,0.015847178,0.069908746,0.050390754,0.031569734,0.03566906,0.043233626,0.04380756,0.02283691,0.027552195,0.04358613,0.046543512,0.07178694,0.072461374,0.06469129,0.06915316,0.058921065,0.104447104,0.022990085,0.06548509,0.04607007,0.07286731,0.03348293,0.049149264,0.048225056,0.07253694,0.06473083,0.022569353,0.043460034,0.049843796,0.0668406,0.04952268,0.011240906,0.068527795,0.015701186,0.032087114,0.08728713,0.043209027,0.029105054,0.037914578,0.028664965,0.042175785,0.042192344,0.04787893,0.044674706,0.037258763,0.044927556,0.061304342,0.040403754,0.060168818,0.051973633,0.042380445,0.0540246,0.034250192,0.013238481,0.03290301,0.02050369,0.03014959,0.027266942,0.046180516,0.027452424,0.034571823,0.04556024,0.057459243,0.054480545,0.030558353,0.04770676,0.07611964,0.048037853,0.052300986,0.043219127,0.037701674,0.03766907,0.016985888,0.013855943,0.033372182,0.015608552,0.034152873,0.03666172,0.04550349,0.044382818,0.051696256,0.053384308,0.05241856,0.03579347,0.0330335,0.033631764,0.06198229,0.040571928,0.056042746,0.031655245,0.030506622,0.06299256,0.038183615,0.063596025,0.039710525,0.0577336,0.028620096,0.052402284,0.032498404,0.036249455,0.054376893,0.039067063,0.059086163,0.030528046,0.02228354,0.036263525,0.05619836,0.031000229,0.051798355,0.05845028,0.046964377,0.031359516,0.0271734,0.057982896,0.05066742,0.065386534,0.042537205,0.032408737,0.058693886,0.02045451,0.03204652,0.050393138,0.02967223,0.05038465,0.030245999,0.052062772,0.055165038,0.029028831,0.047762666,0.05323742,0.049836718,0.0317682,0.050058313,0.030275753,0.053218387,0.027706651,0.03230202
0.06421323,0.06156392,0.11145064,0.06868635,0.054236364,0.06106045,0.066774726,0.044889353,0.055044033,0.0687582,0.06252879,0.054381587,0.042593673,0.043750226,0.049098987,0.08683685,0.04131312,0.05194496,0.06396974,0.05369407,0.07324523,0.036100417,0.064635605,0.0469557,0.06016635,0.05270547,0.03259154,0.04985536,0.052694444,0.058079313,0.02672677,0.04551043,0.05672803,0.0541042,0.06133169,0.06198647,0.06458708,0.053443596,0.052447315,0.13926174,0.079296574,0.0645925,0.11047184,0.093309544,0.077791855,0.0889578,0.13410468,0.07677855,0.1705266,0.070051886,0.04803004,0.049314853,0.051004894,0.060521986,0.04946119,0.029961765,0.033111617,0.04545298,0.056436546,0.05921105,0.03664265,0.053796094,0.03467504,0.052647963,0.059990868,0.059176087,0.067381226,0.05475639,0.059077825,0.06805432,0.048199765,0.06503506,0.059299733,0.05409151,0.06608126,0.0636658,0.049200945,0.047707982,0.030857397,0.040165924,0.04625977,0.04969838,0.036671586,0.047063816,0.0477933,0.042873662,0.052302882,0.043047037,0.049535587,0.053679567,0.06709432,0.05666674,0.062164698,0.045589402,0.056952182,0.046539515,0.03414939,0.039123572,0.026410138,0.03524162,0.045112807,0.13358799,0.055473026,0.068733476,0.07071324,0.04254671,0.051930606,0.05456025,0.04945265,0.059286874,0.055365466,0.043907296,0.031126268,0.034300104,0.038490128,0.049892865,0.060848225,0.05805945,0.04710611,0.032951083,0.030816313,0.029929714,0.034878325,0.0699668,0.057100177,0.040810272,0.034864847,0.0439721,0.04073651,0.0497062,0.040495135,0.040327307,0.05400256,0.04835471,0.04472378,0.032267917,0.049324825,0.03167616,0.09050117,0.035636224,0.030166019,0.031668812,0.024336739,0.03635327,0.039119806,0.03906063,0.04960131,0.039175514,0.07730156,0.038241256,0.04646295,0.029233579,0.04470797,0.03446516,0.039088313,0.049374536,0.031219801,0.036761113,0.02797733,0.035187155
0.036780454,0.034808725,0.051039323,0.040500045,0.030823763,0.038645085,0.036465507,0.040748406,0.034653116,0.03312997,0.033624753,0.029625209,0.03735821,0.030288234,0.031120544,0.056340642,0.04580983,0.042601746,0.051174413,0.03459737,0.03936332,0.034576453,0.057062853,0.019323532,0.044736408,0.029781794,0.04914739,0.03170465,0.038632665,0.037483864,0.037133925,0.038254898,0.065653324,0.049957808,0.05508628,0.040253565,0.035890725,0.04259889,0.05579177,0.06691414,0.05398189,0.07865778,0.0709441,0.05116196,0.09684074,0.05895435,0.092858456,0.04977063,0.08975419,0.029802803,0.02464467,0.03195287,0.0287001,0.034204733,0.027685601,0.026975002,0.042469252,0.028375495,0.056591675,0.039631523,0.040913127,0.03853103,0.029234584,0.03733446,0.031615533,0.04567764,0.038789514,0.029690098,0.04613567,0.041466307,0.032515228,0.034879994,0.036193367,0.034320075,0.039599184,0.037293416,0.028695524,0.03011172,0.043486256,0.02884467,0.031686805,0.03191472,0.026027171,0.026230842,0.041425176,0.036432564,0.02986468,0.04216312,0.027406285,0.032708872,0.036012117,0.03686014,0.035876244,0.03020434,0.042125273,0.033932988,0.022163251,0.025791531,0.047759082,0.029556457,0.045381226,0.041559853,0.037515044,0.04830438,0.056080125,0.02812501,0.03130953,0.032728735,0.043238603,0.051885452,0.0283372,0.036766175,0.028365398,0.031073356,0.038491,0.03327116,0.03615232,0.027804336,0.042305574,0.022719845,0.026774852,0.040513277,0.03078815,0.05679205,0.027444249,0.0390562,0.026690219,0.043223128,0.04591827,0.041761376,0.034017175,0.04892922,0.026151957,0.040413212,0.029527087,0.032529414,0.03168466,0.031041212,0.034161527,0.042391423,0.023350056,0.02428354,0.037130475,0.02844459,0.03559375,0.02512889,0.037282854,0.018817814,0.029955935,0.021025077,0.027484313,0.036134485,0.027778186,0.031750612,0.031936713,0.035479378,0.020167306,0.022325369,0.038201466,0.025539747
0.05910758,0.05885896,0.05531901,0.055003423,0.06144801,0.04733591,0.0691741,0.04647359,0.09824874,0.094603844,0.073813684,0.08053144,0.06848744,0.12729841,0.15008712,0.114272766,0.047853205,0.047237642,0.045987047,0.06461636,0.11506805,0.08913006,0.057445023,0.07298495,0.11584584,0.08596163,0.05843895,0.06478716,0.072491996,0.066630624,0.055950664,0.0697266,0.112319835,0.10094029,0.069230564,0.08647155,0.11198687,0.09707028,0.07371871,0.090164505,0.16757709,0.12552197,0.09059433,0.068708874,0.06998927,0.07003498,0.081532836,0.06868376,0.074604906,0.06333055,0.042751547,0.04857086,0.051130697,0.05962098,0.054914497,0.078529224,0.0753801,0.051555052,0.12548912,0.06702658,0.07930117,0.058865022,0.08409776,0.07832358,0.10241295,0.066347726,0.066332445,0.06724098,0.08586746,0.06436508,0.102327965,0.07153853,0.06151634,0.06303487,0.0805214,0.08287247,0.056031667,0.06339289,0.065992735,0.051253065,0.05813389,0.053010855,0.086311504,0.062322814,0.12826432,0.06148293,0.07601106,0.120054685,0.11447842,0.07696513,0.10354704,0.08686325,0.08436573,0.0907473,0.07448093,0.09358913,0.0657387,0.05705526,0.060769252,0.040407494,0.07104584,0.07848643,0.06372138,0.051072504,0.08289283,0.09047566,0.055456303,0.101186596,0.07304684,0.08912652,0.06934997,0.056327347,0.059139255,0.05887971,0.070296094,0.07772886,0.07236695,0.08455387,0.086538486,0.044031147,0.06995068,0.047985774,0.044127647,0.08764562,0.05201668,0.067862704,0.053868458,0.104616754,0.06528894,0.060571786,0.055320513,0.060451064,0.11142884,0.062411357,0.054628212,0.05200526,0.06119398,0.041872773,0.10014987,0.072175294,0.056745723,0.05562167,0.05247524,0.047755454,0.087808274,0.05646367,0.07492048,0.04563768,0.06595208,0.060561307,0.08399811,0.06682488,0.05821704,0.054121103,0.068044856,0.07460357,0.058572378,0.046853773,0.05032598,0.043087013
0.08220994,0.078188844,0.06264018,0.05416772,0.06700636,0.08687988,0.074267775,0.117113695,0.06989252,0.08144826,0.13713524,0.09383246,0.094649486,0.07601238,0.06898772,0.13710764,0.12633151,0.048238736,0.0825844,0.067908525,0.06530164,0.06334819,0.08068284,0.07312933,0.1202705,0.08163597,0.06270321,0.068426386,0.043915495,0.047846857,0.07350568,0.053672522,0.05017915,0.060069814,0.081317835,0.08450234,0.090888195,0.07641045,0.09784643,0.10044294,0.08174923,0.16803378,0.06982631,0.06506819,0.087422706,0.050501388,0.12600122,0.054777246,0.135247,0.080108486,0.04994238,0.07751919,0.06844461,0.09911976,0.07533268,0.054175608,0.05960174,0.05070135,0.06904477,0.057141,0.054781813,0.04615523,0.04956777,0.06405378,0.083160706,0.06298207,0.051084325,0.054678146,0.10017716,0.11261319,0.066921316,0.09983003,0.046293978,0.07178536,0.10668281,0.10605629,0.063389294,0.07124981,0.07703468,0.052198,0.058227893,0.06526004,0.07045692,0.0632521,0.105221994,0.09042767,0.045746367,0.07327879,0.08680828,0.07072829,0.065346494,0.18506561,0.096886314,0.058219925,0.06725364,0.14215375,0.07281231,0.07556105,0.09349471,0.052471057,0.06280288,0.06887681,0.0779092,0.1270059,0.10534644,0.07804414,0.05437584,0.044979274,0.043917857,0.061641447,0.045625437,0.066756025,0.048286635,0.050084874,0.10004776,0.09754421,0.11758772,0.11315506,0.14943302,0.055081856,0.06303881,0.10264959,0.046759646,0.0793755,0.04327724,0.07367141,0.046169247,0.066103056,0.06267366,0.09105041,0.0432482,0.057900965,0.070778936,0.11735082,0.04656626,0.04327562,0.07971103,0.07833809,0.066704266,0.16250198,0.063975014,0.059794966,0.06697247,0.048141625,0.0756491,0.06730798,0.07614524,0.06218953,0.059599996,0.07325057,0.078092,0.07726908,0.068584666,0.10648287,0.07501816,0.11542627,0.07098087,0.062306665,0.057365596,0.04547815
0.114933714,0.06391223,0.11952847,0.100489326,0.06589759,0.061936416,0.07589738,0.07853706,0.05998303,0.083025105,0.107352436,0.079849996,0.07695295,0.047478918,0.07007253,0.105171986,0.07785104,0.05335657,0.046636883,0.04951162,0.030820386,0.051269393,0.06785917,0.19706692,0.2208893,0.15122926,0.05318425,0.12576766,0.05966057,0.049127012,0.04795033,0.09882574,0.07370315,0.053710863,0.057819236,0.05444735,0.065412045,0.060826294,0.051944755,0.0821824,0.0699649,0.1928187,0.06864076,0.055022907,0.08443703,0.07655796,0.069706,0.08404947,0.078619406,0.06072508,0.051659536,0.05754801,0.067323476,0.053602543,0.19609764,0.21418238,0.052404817,0.10798312,0.07719272,0.074603625,0.07557357,0.11536246,0.06925302,0.08586484,0.06631117,0.06955668,0.08519236,0.0664405,0.10450311,0.10642399,0.068338744,0.06801881,0.082913645,0.057286322,0.08073892,0.04849204,0.12348234,0.11964661,0.07511017,0.12241678,0.045586657,0.08313556,0.054547146,0.17965533,0.16422394,0.08830449,0.06331744,0.11627689,0.065679796,0.056117617,0.04694594,0.052775815,0.052603886,0.05570095,0.055544797,0.041110735,0.18889594,0.23939706,0.10101683,0.110915534,0.06011396,0.074377656,0.057990227,0.08889513,0.19026692,0.059431005,0.15057845,0.06234682,0.08446554,0.060698193,0.05912475,0.07308281,0.055959232,0.053689267,0.05246426,0.04641408,0.10367595,0.049283277,0.059260137,0.17254657,0.15440972,0.053033873,0.11030725,0.13172065,0.04285435,0.06597813,0.13869436,0.10709479,0.056836847,0.05786038,0.04170599,0.04603885,0.042704728,0.048306357,0.05588576,0.053861197,0.044706136,0.05422521,0.042419814,0.04462485,0.18701029,0.21889095,0.08927048,0.1122508,0.066912144,0.055760402,0.061315443,0.10753557,0.047050375,0.04623065,0.03869006,0.054996748,0.042522438,0.044161726,0.037196126,0.044962257,0.14316618,0.15718876,0.081973694,0.08925191
0.09058617,0.039506167,0.047839765,0.047017924,0.06121128,0.069488175,0.07661508,0.039613787,0.081363834,0.06166747,0.062037293,0.110051624,0.050935797,0.09703153,0.10088388,0.076503545,0.056426995,0.04037329,0.055968184,0.07839345,0.123065636,0.119103074,0.06938556,0.0820554,0.19823475,0.10206194,0.05491862,0.0727556,0.0629658,0.077360034,0.06821921,0.08282456,0.046765994,0.05419616,0.06753751,0.06647265,0.08717166,0.09175674,0.06895552,0.118691586,0.12414081,0.093058616,0.20346871,0.09545878,0.07935084,0.1383998,0.13973492,0.122182734,0.1369729,0.08502121,0.0640063,0.07113467,0.050920032,0.058150608,0.10992133,0.19032572,0.11214276,0.11186139,0.07416075,0.058086675,0.06371354,0.082223274,0.0713651,0.046817802,0.059486102,0.07085506,0.065596424,0.055569403,0.07025996,0.06758795,0.06960064,0.07133525,0.059158057,0.06727499,0.0814687,0.079772286,0.09701529,0.100559056,0.15850215,0.08849736,0.059337053,0.05963958,0.07525149,0.074927054,0.10266332,0.080258146,0.06354093,0.08499449,0.104459174,0.09449577,0.08713135,0.06654093,0.06914331,0.07090232,0.081298076,0.1044689,0.10413293,0.06258699,0.18732482,0.093113974,0.080253445,0.07490099,0.06437665,0.064821765,0.082332835,0.09794461,0.071416624,0.07419468,0.10539856,0.17330171,0.056454156,0.0534205,0.059154738,0.0533636,0.06499788,0.05694812,0.082676396,0.058173258,0.08337883,0.07629865,0.16071562,0.11497751,0.090607695,0.050263792,0.067291394,0.073627874,0.074272126,0.08055202,0.04494932,0.09679708,0.047908083,0.06330635,0.07602198,0.071885236,0.06573389,0.04935893,0.056202155,0.06993459,0.061253753,0.08257392,0.09164693,0.24237734,0.090532295,0.093471974,0.066611975,0.06466652,0.060059927,0.061662294,0.05014231,0.065795034,0.062291715,0.06905717,0.06513662,0.07938291,0.057320245,0.11371546,0.09873786,0.11775832,0.094720006,0.08921391
